<?xml version="1.0" encoding="UTF-8" standalone="no"?>
<!-- Created with Inkscape (http://www.inkscape.org/) -->

<svg
   width="210mm"
   height="210mm"
   viewBox="0 0 210 210"
   version="1.1"
   id="svg364"
   sodipodi:docname="uriSVG"
   inkscape:version="1.2 (56b05e47e7, 2022-06-09, custom)"
   xmlns:inkscape="http://www.inkscape.org/namespaces/inkscape"
   xmlns:sodipodi="http://sodipodi.sourceforge.net/DTD/sodipodi-0.dtd"
   xmlns="http://www.w3.org/2000/svg"
   xmlns:svg="http://www.w3.org/2000/svg">
  <sodipodi:namedview
     id="namedview688"
     pagecolor="#ffffff"
     bordercolor="#000000"
     borderopacity="0.25"
     inkscape:showpageshadow="2"
     inkscape:pageopacity="0.0"
     inkscape:pagecheckerboard="true"
     inkscape:deskcolor="#d1d1d1"
     inkscape:document-units="mm"
     showgrid="false"
     inkscape:zoom="0.72604517"
     inkscape:cx="396.66953"
     inkscape:cy="342.2652"
     inkscape:window-width="1920"
     inkscape:window-height="956"
     inkscape:window-x="1920"
     inkscape:window-y="27"
     inkscape:window-maximized="1"
     inkscape:current-layer="svg364" />
  <defs
     id="defs361" />
  <path
     d="m 45.198219,100.7644 q 1.183249,-0.004 2.581634,0.31256 1.39839,0.31663 1.39839,1.06662 0,0.39286 -0.430273,0.71575 -0.430277,0.2872 -1.613523,0.71982 -1.183254,0.43263 -2.366503,0.79383 -1.183253,0.3612 -3.872455,1.12043 -2.581641,0.75884 -4.733002,1.44479 l -11.617368,3.64697 q -4.840569,1.55232 -5.70112,2.34098 0.430275,0.71279 8.06762,3.61514 7.744911,2.90197 12.047641,3.85149 9.143302,2.07574 9.143302,3.21859 0,0.5 -1.93623,1.18521 -1.82866,0.68483 -3.76489,0.69148 -1.828656,0.006 -3.011909,-0.70394 -1.183249,-0.53166 -6.991935,-1.83314 -8.713024,-2.0058 -17.103348,-5.29842 -8.2827548,-3.32868 -8.2827548,-4.97153 0,-1.10713 10.7568208,-4.42973 l 16.780647,-5.09324 q 7.96005,-2.38444 10.649256,-2.39366 z"
     style="font-weight:bold;font-size:37.4618px;font-family:Purisa;-inkscape-font-specification:'Purisa Bold';fill:#ffff00;stroke-width:1.69343"
     id="path690" />
  <path
     d="m 76.208689,85.391992 q 0,-1.078383 0.920265,-1.549572 0.974401,-0.523069 1.678133,-0.529968 1.407465,-0.0138 2.327732,1.569079 0.9744,1.530983 1.569867,3.579212 0.595465,1.996864 0.920265,2.353135 0.703733,0.866075 0.703733,5.282291 0,4.724331 -0.811999,8.840401 -0.811999,4.06473 -2.111199,6.90178 -1.299198,2.83705 -3.031465,5.1135 -1.678132,2.27591 -3.410398,3.67938 -1.732265,1.35212 -3.518664,2.29396 -1.7864,0.89049 -3.139733,1.21186 -1.2992,0.37219 -2.273597,0.38174 -1.840534,0.018 -4.276532,-0.77968 -2.436,-0.8491 -3.843464,-2.06774 -2.598401,-2.33668 -3.951732,-13.82612 -1.2992,-11.541326 -1.2992,-18.473767 0,-2.310803 0.3248,-3.238324 0.378934,-0.979385 1.624,-1.607805 0.541332,-0.210715 0.812,-0.21337 1.678132,-0.01645 2.165331,4.086892 0.05412,0.718381 0.216533,2.565444 0.703735,8.517413 2.111199,17.38742 1.407466,8.81864 2.327734,9.9907 l 0.108261,0.15299 q 0.10826,0.15299 0.162401,0.30651 0.108272,0.10165 0.324799,0.25358 0.216534,0.15193 0.433068,0.30386 0.270666,0.10007 0.649598,0.19904 0.433067,0.0472 0.920266,0.0424 1.894666,-0.0186 4.763731,-1.68995 3.302132,-1.88102 5.196798,-4.67256 1.894664,-2.8429 3.247997,-7.73455 1.190935,-4.17113 1.190935,-7.457626 0,-2.618917 -0.757868,-5.333119 -0.757867,-2.714189 -1.515733,-4.60676 -0.757866,-1.943924 -0.757866,-2.714186 z"
     style="font-weight:bold;font-size:37.4618px;font-family:Purisa;-inkscape-font-specification:'Purisa Bold';fill:#ffff00;stroke-width:1.4405"
     id="path692" />
  <path
     d="m 103.96432,106.38762 q 0.89675,-0.007 1.55752,0.30924 0.66077,0.28055 0.84955,0.56478 0.23599,0.28387 0.23599,0.49815 0,0.71428 -2.17109,1.33839 -2.87905,0.84394 -6.277257,4.08478 -3.351031,3.24046 -4.058994,6.0674 -0.896752,3.61412 -1.510322,4.79748 -0.613567,1.21907 -1.793505,1.2283 -0.471974,0.004 -0.849554,-0.1005 -0.330384,-0.0688 -0.566372,-0.317 -0.235987,-0.24815 -0.377579,-0.42561 -0.141593,-0.17746 -0.283185,-0.56921 -0.0944,-0.42783 -0.141593,-0.60603 0,-0.21428 -0.0944,-0.67782 -0.04718,-0.49963 -0.04718,-0.60677 -1.132742,-8.34822 -1.132742,-14.02674 0,-1.17856 0.188791,-1.82289 0.18879,-0.68004 0.943951,-1.18594 0.471974,-0.32512 1.038345,-0.32955 0.613567,-0.005 1.038344,0.38474 0.424779,0.35382 0.424779,0.96095 0,1.32142 0.471974,3.74628 0.519173,2.38878 0.943951,3.74259 0.377581,-0.39581 1.085544,-1.22277 1.793506,-2.2283 5.002934,-4.00337 3.20942,-1.8108 5.5221,-1.82888 z"
     style="font-weight:bold;font-size:37.4618px;font-family:Purisa;-inkscape-font-specification:'Purisa Bold';fill:#ffff00;stroke-width:1.12172"
     id="path694" />
  <path
     d="m 115.48047,103.36901 q 0.80236,-0.43484 1.55752,-0.44074 0.75515,-0.006 1.27432,0.45431 0.75517,1.06551 1.22715,6.20463 0.51918,5.13876 0.51918,9.60301 0,3.21425 -0.2832,3.64503 -0.94394,0.57881 -2.02949,0.5873 -1.65192,0.0129 -2.02949,-0.73413 -0.23599,-0.56958 -0.75516,-7.42259 -0.47197,-6.88911 -0.47197,-9.21052 0,-2.17856 0.99114,-2.6863 z m -0.51917,-8.353005 q 0.0944,-0.679309 0.75516,-1.113041 0.70797,-0.434104 1.36872,-0.439271 0.66077,-0.0052 1.69911,0.450994 1.03835,0.456165 1.03835,1.241873 0,0.857132 -0.56636,1.540123 -0.56637,0.683 -1.51033,0.690381 -0.99115,0.0078 -1.8879,-0.663807 -0.89675,-0.707261 -0.89675,-1.707252 z"
     style="font-weight:bold;font-size:37.4618px;font-family:Purisa;-inkscape-font-specification:'Purisa Bold';fill:#ffff00;stroke-width:1.12172"
     id="path696" />
  <path
     d="m 125.79565,129.01409 q -1.9351,0.0151 -1.9351,-1.34199 0,-0.78571 0.70796,-2.00553 0.70796,-1.18409 2.40707,-3.62593 1.7463,-2.47792 3.06784,-4.73823 l 12.27134,-19.774374 q 0.75518,-1.220179 1.27434,-2.974225 0.56637,-1.75441 1.17995,-2.473488 0.61357,-0.754791 2.07668,-0.766233 0.99115,-0.0078 1.74632,0.48634 0.80236,0.493721 0.80236,1.315142 0,0.499997 -0.42479,1.217602 -0.37757,0.681514 -1.22713,2.04529 -0.80236,1.327685 -1.46312,2.868556 -0.99115,2.07917 -5.6637,9.07993 -4.62536,6.96469 -4.81415,7.5733 -0.1888,0.78718 -2.45427,4.12629 l -4.05901,6.17455 q -1.03833,1.57953 -1.79349,2.19257 -0.70795,0.61268 -1.6991,0.62043 z"
     style="font-weight:bold;font-size:37.4618px;font-family:Purisa;-inkscape-font-specification:'Purisa Bold';fill:#ffff00;stroke-width:1.12172"
     id="path698" />
  <path
     d="m 183.61704,112.31827 q -1.96492,-0.70095 -11.17582,-2.64453 -9.21085,-1.98081 -16.70232,-3.85536 -7.49151,-1.91176 -7.49151,-2.84215 0,-0.59545 2.08781,-0.97415 2.08779,-0.37871 4.17557,-0.38524 1.10529,-0.003 3.80715,0.54632 2.82462,0.54939 4.78961,1.02704 1.96501,0.47765 2.33344,0.58815 7.00025,1.87607 15.47424,3.78476 8.474,1.87147 11.78992,2.75426 3.4387,0.88241 3.4387,1.66394 0,0.63267 -2.33344,1.71924 -2.33339,1.08657 -9.33364,3.9741 -1.96498,0.78769 -2.94751,1.20013 -3.07024,1.27496 -6.14057,2.66155 -3.07027,1.34939 -4.78963,2.09909 -1.59653,0.74932 -1.71933,0.78692 -1.96501,1.23428 -7.1231,1.25043 -2.21059,0.007 -3.80712,-0.32303 -1.47374,-0.33033 -1.47374,-0.85134 0,-0.66989 2.57903,-1.75722 2.70183,-1.08772 4.17559,-1.27841 1.2281,-0.18994 10.31615,-4.23769 9.08806,-4.04777 10.07052,-4.90681 z"
     style="font-weight:bold;font-size:37.4618px;font-family:Purisa;-inkscape-font-specification:'Purisa Bold';fill:#ffff00;stroke-width:1.84709"
     id="path700" />
</svg>
